
name(Farmer Ted's Revenge)

soundtrack(a_king_is_born,zipo)

snap(-5,-5,20)

sky(10,105,250)
fog(215,245,220) 
ground(48,129,42)

fadefrom(5000)

nlaps(3)

detail(0)

set(10,0,0,0)p
chk(40,0,2550,0)
set(10,0,5600,180)p
set(26,0,9000,0)pr
set(10,0,12200,0)p
set(10,0,17800,0)p
set(10,0,23400,0)p
set(10,0,29000,0)
chk(40,0,27000,0)
set(9,0,27000,180)
set(9,-200,27000,180)
set(9,200,27000,180)
set(9,-400,27000,180)
set(9,400,27000,180)
set(33,0,25500,0)
set(10,0,33000,0)p

set(14,0,37500,0)pt
chk(40,375,37125,135)
set(14,3000,37500,270)pt
chk(40,1500,37500,90)
set(22,3000,35250,0)p
chk(40,2625,37125,45)
chk(40,3000,35600,0)
set(14,3000,33550,180)pt
chk(40,2625,33825,135)

set(10,-1000,33550,-90)p
set(10,-4550,33550,90)p
set(33,-2200,33550,90)
set(33,-2600,33550,90)
chk(42,-2600,33550,90)
set(33,-3000,33550,90)
set(33,-3400,33550,90)
set(33,-3800,33550,90)
set(33,-4200,33550,90)
set(33,-4550,33550,90)
chk(42,-4550,33550,90)
set(33,-4900,33550,90)
set(33,-5300,33550,90)
set(33,-5700,33550,90)
set(33,-6100,33550,90)
chk(42,-6500,33550,90)
set(33,-6500,33550,90)
set(33,-6900,33550,90)
set(14,-9100,33550,0)pt
set(10,-9100,29000,0)p
set(28,-9100,24000,0)pr
chk(40,-9100,24000,0)
set(10,-9100,23400,0)p
set(10,-9100,17800,0)p
set(26,-9100,14400,180)pr
fix(41,-9100,10600,-1400,0)
set(20,-9100,11200,0)p
set(16,-9100,5600,0)p
chk(42,-9100,5600,0)
set(20,-9100,0,180)p
set(14,-9100,-4550,90)pt
set(10,-4550,-4550,90)
chk(40,-4550,-4550,90)
set(14,0,-4550,180)pt
set(37,0,1456,0)
set(38,0,2500,0)



set(24,-4550,0,180)
set(16,-4550,2800,0)
set(15,-4550,8400,0)
set(15,-4550,14000,0)
set(15,-4550,19600,0)
set(16,-4550,25200,0)
set(24,-4550,28000,0)
set(35,-4550,10000,0)
fix(41,-4550,14000,-500,50)
set(35,-4550,18000,0)


maxr(10,4000,-6000)
maxb(4,-8400,-12800)
maxt(4,39600,-12800)
maxl(10,-15200,-6000)







set(13,400000,-400000,0)
set(12,-400000,400000,0)



