snap(-19,-7,18)
sky(211,227,254)
fog(203,212,228)
clouds(190,235,255,4,-1500)
ground(192,195,202)
texture(60,120,160,37)
fadefrom(6800)
density(3)
mountains(83527)

nlaps(11)

name(Rocket Arena)

soundtrack(the_logic,zip)

set(47,0,0,0)p
set(54,700,567,180)
set(54,700,-1675,180)
set(54,700,-588,180)
set(54,-700,-588,180)
set(54,-700,-1675,180)
set(54,-700,567,180)
set(10,0,5600,0)p
set(14,0,10150,0)pt
set(10,4550,10150,-90)
set(52,5466,10500,-90)pr
set(22,7910,10150,90)
set(18,11270,10150,90)
set(52,7350,10500,90)pr
set(18,16870,10150,90)
set(36,16730,12501,0)
set(36,14770,12501,0)ph
set(25,12810,10896,180)
set(25,16730,10896,180)
set(25,14770,10896,180)
set(18,22470,10150,90)
set(36,20650,12501,0)
set(36,18690,12501,0)
set(36,22610,12501,0)ph
set(25,20650,10896,180)
set(25,18690,10896,180)
set(25,22610,10896,180)
set(18,28070,10150,90)
set(36,24570,12501,0)
set(36,26530,12501,0)
set(32,28036,11200,-90)
set(32,28936,11200,90)pr
set(25,26530,10896,180)
set(25,24570,10896,180)
set(25,28490,10896,180)
set(19,32620,10150,-90)pt
set(21,32620,5600,0)p
set(44,32620,0,0)
chk(42,32620,-2800,0)
set(44,32620,-5600,180)p
set(16,32620,-11200,0)
set(17,32620,-15750,180)
set(15,28070,-15750,-90)
set(15,22470,-15750,90)
set(15,16870,-15750,-90)
set(21,11270,-15750,90)
set(22,7910,-15750,90)
set(10,4550,-15750,90)
set(14,0,-15750,90)pt
set(10,0,-11200,0)p
set(10,0,-5600,0)
set(54,700,-6130,180)
set(54,-700,-3890,180)
set(54,700,-3890,180)
set(54,700,-5040,180)
set(54,-700,-5040,180)
set(54,-700,-6130,180)
chk(40,0,-2800,0)
set(10,8361,-11759,90)
set(22,11721,-11759,90)
set(18,15081,-11759,90)
set(22,18441,-11759,-90)
set(55,16540,-15750,90)pr
set(22,19561,-11759,-90)
set(10,22921,-11759,90)
set(22,26281,-11759,90)
set(22,27401,-11759,-90)
set(23,27961,-11759,90)
set(53,28034,-15750,-90)pr
set(10,25161,-2799,90)
set(10,19561,-2799,90)
set(50,20881,-2799,90)
fix(41,16175,-2799,-8000,90)
fix(41,16175,-2799,-4000,90)
fix(41,16175,-2799,-6000,90)
set(22,16201,-2799,90)
set(10,12841,-2799,90)
set(10,7241,-2799,90)
set(50,11521,-2799,-90)
set(23,4441,-2799,-90)
set(23,27961,-2799,90)
set(23,27961,6161,90)
set(22,5001,-11759,-90)
set(23,4441,-11759,-90)
set(28,4725,-15750,90)pr
set(10,25161,6161,90)
set(22,21801,6161,-90)
set(18,17321,6161,90)
set(22,13961,6161,90)
set(22,12841,6161,-90)
set(22,11721,6161,-90)
set(18,8361,6161,90)
set(22,5001,6161,90)
set(23,4441,6161,-90)
set(22,20681,6161,90)
set(10,-5275,5500,180)
set(23,-5275,8300,180)
set(10,-5275,-100,180)
set(10,-5275,-5700,180)
set(10,-5275,-11300,180)
set(23,-5275,-14100,0)
set(46,-5275,-2875,0)
set(45,-5275,4380,180)
set(45,-5275,-10180,0)
set(23,37771,-14092,0)
set(10,37771,-5692,180)
set(10,37771,-92,180)
set(10,37771,5508,180)
set(23,37771,8308,180)
set(60,37771,-2925,180)
set(10,37771,-11292,180)
set(56,37771,-11894,0)
set(57,37771,-9093,0)
set(56,37771,6110,180)
set(57,37771,3309,180)po

maxl(8,-10432,-18436)
maxb(11,-20836,-8032)
maxr(8,42368,-18436)
maxt(11,17563,-8032)
