snap(15,-4,-21)
sky(187,195,227)
fog(204,186,176)
clouds(255,228,228,3,-1437)
ground(192,176,152)
texture(255,71,0,31)
fadefrom(6200)
density(4)
mountains(83589)

nlaps(4)

name(Quake Ownage)

soundtrack(quake,zip)

set(47,0,0,0)p
set(10,0,5600,0)p
set(10,0,11200,0)
set(54,700,9875,0)
set(54,-700,8783,0)
set(54,-700,9884,0)
set(10,0,16800,0)
set(54,-700,15781,0)
set(54,700,15787,0)
set(54,-700,14703,0)
set(10,0,22400,0)
set(10,0,28000,0)
set(10,0,33600,0)
set(54,-700,35175,0)
set(54,-700,34000,0)
chk(40,0,36400,0)
set(10,0,39200,0)p
set(14,0,43750,0)pt
set(22,2310,43750,90)p
set(54,1900,44450,90)
set(22,3430,43750,90)p
set(54,3175,44450,90)
set(18,6790,43750,90)
set(36,8025,45560,0)ph
set(18,12390,43750,90)
set(36,9985,45560,0)
set(36,11945,45560,0)ph
set(18,17990,43750,90)p
set(22,21350,43750,-90)p
set(54,20392,44450,90)
set(14,23660,43750,-90)
set(54,21652,44450,90)
chk(40,23660,42000,0)
set(14,23660,40250,180)pt
set(10,19110,40250,-90)p
set(10,13510,40250,-90)p
set(10,7910,40250,-90)p
set(14,3360,40250,0)pt
set(10,3360,35700,0)
set(54,4060,38297,0)
set(54,4060,37197,0)
set(54,700,34050,0)
set(54,700,35200,0)
set(54,2660,37197,0)
set(54,2660,38286,0)
chk(40,3360,36425,0)
set(10,3360,30100,0)
set(54,4060,30495,0)
set(54,4060,29233,0)
set(54,4060,28001,0)
set(54,2660,28001,0)
set(54,2660,29233,0)
set(54,2660,30495,0)
set(10,3360,24500,0)
set(50,3360,25525,180)pr
set(10,3360,18900,0)
set(52,350,17808,0)pr
set(10,3360,13300,0)
set(52,-350,12165,0)pr
set(54,700,14706,0)
set(10,3360,7700,180)p
set(54,700,8783,0)
set(10,3360,2100,180)
set(54,4060,4385,180)
set(54,4060,3230,180)
set(54,2660,3230,180)
set(54,2660,4385,180)
chk(40,3360,2350,0)
set(14,3360,-2450,90)pt
set(20,7910,-2450,90)p
set(15,13510,-2450,90)p
set(16,19110,-2450,-90)
set(15,24710,-2450,-90)
set(15,30310,-2450,-90)
set(16,35910,-2450,-90)
set(15,41510,-2450,-90)p
set(20,47110,-2450,-90)p
set(14,51660,-2450,180)
chk(40,49910,-2450,90)
set(10,51660,2100,180)p
set(10,51660,7700,180)
set(10,51660,13300,180)
set(10,51660,18900,180)p
set(10,51660,24500,180)p
set(10,51660,30100,180)
set(10,51660,35700,180)
set(54,50960,36440,180)
set(54,52360,36450,180)
set(54,50960,35425,180)
chk(40,51660,37222,0)
set(14,51660,40250,-90)pt
set(22,49350,40250,-90)p
set(18,45990,40250,-90)
set(54,48385,40950,90)
set(18,40390,40250,-90)
set(36,41743,38440,180)
set(36,43703,38440,180)ph
set(36,39783,38440,180)ph
set(18,34790,40250,-90)p
set(22,31430,40250,90)p
set(54,31990,39550,90)
set(14,29120,40250,90)
set(54,30870,39550,90)
chk(40,29120,42000,0)
set(14,29120,43750,0)pt
set(10,33670,43750,-90)p
set(10,39270,43750,-90)p
set(10,44870,43750,-90)p
set(10,50470,43750,-90)p
set(54,49660,40950,90)
set(14,55020,43750,-90)pt
set(10,55020,39200,180)
set(54,54320,39096,0)
set(54,54320,37968,0)
set(54,55720,37968,0)
set(54,55720,39096,0)
chk(40,55020,37175,0)
set(10,55020,33600,180)
set(54,55720,34944,0)
set(54,54320,36048,0)
set(54,54320,33744,0)
set(54,52360,35424,180)
set(54,54320,34920,0)
set(54,55720,33756,0)
set(54,55720,36076,0)
fix(41,55020,25200,-7000,0)
set(10,55020,28000,180)
set(50,55020,31400,180)pr
fix(41,55020,21202,-8000,0)
set(10,55020,22400,180)p
set(10,55020,16800,180)p
set(51,51660,19275,180)
set(10,55020,11200,180)
set(29,51660,11900,180)pr
set(10,55020,5600,180)p
set(10,55020,0,180)p
set(14,55020,-4550,180)pt
set(10,50470,-4550,90)
chk(40,48498,-4550,90)
set(10,44870,-4550,90)p
set(38,45570,-4550,-90)
set(38,44570,-4550,-90)
set(38,46570,-4550,-90)
set(22,41510,-4550,-90)p
set(38,43570,-4550,-90)
set(38,42570,-4550,-90)
set(10,38150,-4550,90)
set(38,38450,-4550,-90)
set(38,40450,-4550,-90)
set(38,41570,-4550,-90)
set(38,39450,-4550,-90)
set(38,37450,-4550,-90)
set(10,32550,-4550,90)
set(50,34500,-4550,90)pr
set(10,26950,-4550,90)
set(53,29625,-2425,90)pr
set(10,21350,-4550,90)
set(10,15750,-4550,90)p
set(10,10150,-4550,90)p
set(10,4550,-4550,90)
chk(40,6825,-4550,90)
set(14,0,-4550,90)pt
set(44,26678,32515,0)
set(43,26678,26915,180)
fix(41,26678,18798,-1500,0)
set(43,26678,21315,0)
set(55,26678,22880,0)
set(43,26678,15715,0)
set(43,26678,10115,0)
set(55,26678,14690,180)
set(44,26678,4515,180)
set(24,26678,35315,0)
set(24,26678,1715,180)
set(53,25600,-2500,-90)pr
set(24,41652,3444,180)
set(24,13841,3444,180)
set(44,41652,6244,180)
set(62,41426,5100,0)
set(63,42064,4000,0)
set(44,41652,11844,0)
set(35,42064,9300,180)
set(63,42064,12688,0)
set(63,41450,11200,90)
set(16,41652,17444,0)
set(15,41652,23044,0)
set(35,41426,24488,0)
set(63,41340,21170,90)
set(63,42064,22358,0)
set(24,41652,31444,0)
set(16,41652,28644,0)
set(63,41450,31910,-90)
set(44,13841,6244,180)
set(43,13841,11844,180)
set(43,13841,17444,180)
set(43,13841,23044,180)
set(34,13841,18775,0)
set(43,13841,28644,180)
set(44,13841,34244,0)
set(24,13841,37044,0)

maxl(12,-3690,-6487)
maxb(13,-8887,-1290)
maxr(12,58710,-6487)
maxt(13,48713,-1290)
