snap(-2,-14,-40)
sky(201,220,255)
fog(223,210,189)
clouds(255,255,255,2,-1500)
ground(173,191,156)
texture(226,26,26,52)
fadefrom(5300)
density(5)
mountains(33091)
nlaps(4)

name(Fair Ground)

soundtrack(ROZ_Shuffle,zip)

set(47,0,0,0)p
set(10,0,5600,0)p
set(10,0,11200,0)
set(29,0,10825,0)pr
set(10,0,16800,0)p
set(10,0,22400,0)p
set(10,0,28000,0)p
set(14,0,32550,-90)pt
set(10,-4550,32550,-90)
chk(40,-4550,32550,90)
set(10,-10150,32550,-90)p
set(23,-16630,32550,-90)
set(10,-19340,35350,0)
set(10,-19340,29750,0)
set(23,-16630,32550,90)
set(56,-15148,32550,90)pr
set(57,-17949,32550,90)pr
set(23,-22050,32550,90)
set(23,-22050,32550,-90)
set(57,-20731,32550,-90)pr
set(10,-28530,32550,90)
set(56,-23532,32550,-90)pr
set(10,-34130,32550,90)p
set(10,-39730,32550,-90)p
set(23,-47275,32550,90)
set(56,-44728,32550,90)pr
set(10,-50075,32550,-90)
chk(64,-49480,32550,90,-1490)
set(57,-47529,32550,90)pr
set(10,-51780,27975,180)
set(23,-51780,30775,180)
set(10,-51780,37375,180)
set(23,-51780,34575,0)
set(60,-50320,32550,90)pr
set(10,-55675,32550,-90)
set(60,-53120,32550,-90)pr
set(23,-58475,32550,-90)
set(23,-62250,32550,90)
set(58,-56414,32550,90)pr
set(10,-65050,32550,90)
set(59,-59511,32550,90)pr
set(59,-61189,32550,-90)pr
set(23,-67850,32550,-90)
set(10,-66384,26300,90)
set(58,-64286,32550,-90)pr
set(57,-67571,32550,-90)pr
set(10,-75370,32550,90)
set(56,-70372,32550,-90)pr
set(14,-79920,32550,0)pt
set(10,-79920,28000,0)
chk(40,-79920,29375,0)
set(10,-79920,22400,180)
set(10,-79920,17530,180)
set(31,-79920,21891,180)pr
set(10,-79920,11930,0)p
set(10,-79920,6330,0)p
set(10,-79920,730,0)p
set(14,-79920,-3820,90)pt
set(22,-77610,-3820,90)
chk(40,-78170,-3820,90)
set(18,-74250,-3820,-90)
set(36,-74390,-6166,180)ph
set(25,-74390,-4582,0)
set(18,-68650,-3820,-90)
set(36,-70470,-6166,180)
set(36,-72430,-6166,180)
set(36,-68510,-6166,180)
set(25,-70470,-5352,180)
set(25,-72430,-4582,0)
set(25,-68510,-5352,180)
set(18,-63050,-3820,-90)
set(36,-66550,-6166,180)ph
set(36,-64590,-6166,180)
set(25,-66550,-5352,180)
set(25,-64590,-5352,180)
set(18,-57450,-3820,-90)p
set(22,-54090,-3820,-90)p
set(14,-51780,-3820,180)pt
set(10,-51780,730,180)
chk(40,-51780,-1300,0)
set(10,-51780,6330,180)p
set(10,-51780,11930,180)p
set(23,-51780,19575,0)
set(56,-51780,16928,0)pr
set(10,-51780,22375,180)
set(57,-51780,19729,0)pr
set(60,-51780,22520,0)pr
set(58,-51780,25814,0)pr
set(59,-51780,28911,0)pr
set(61,-51780,31150,0)pr
set(61,-51780,33950,180)
chk(64,-51780,34230,0,-3202)
set(59,-51780,36189,180)pr
set(10,-51780,42975,180)
set(58,-51780,39286,180)pr
set(10,-51780,48575,180)
set(58,-51780,43074,0)pr
set(10,-51780,54175,180)
set(58,-51780,47616,180)pr
set(60,-51780,50910,180)pr
set(23,-51780,56975,180)
set(60,-51780,53710,180)pr
set(57,-51780,56501,180)pr
set(10,-51780,64300,0)
set(56,-51780,59302,180)pr
set(14,-51780,68850,0)pt
set(13,-47200,70370,120)
set(12,-47200,67330,-120)
set(23,-44370,65810,90)
set(26,-43525,65810,-90)pr
set(23,-32350,64860,-90)p
set(13,-29520,66380,-60)p
set(12,-29520,69420,60)p
set(23,-32350,70940,-90)p
fix(41,-41025,71890,-3400,90)
set(23,-43375,71890,90)
set(50,-42890,71890,-90)pr
set(44,-38425,54125,0)p
set(63,-38634,54226,0)
set(62,-38742,52836,-90)
set(43,-38425,48525,180)p
set(63,-38675,49900,-90)
set(63,-38425,49024,180)
set(62,-38148,50703,0)
set(62,-38634,46877,90)
set(63,-38769,51742,-90)
set(63,-38148,47875,180)
set(44,-38425,42925,180)p
set(63,-38634,42594,0)
set(62,-38148,44042,180)
set(63,-38661,45510,90)
set(24,-38425,40125,180)p
set(62,-38715,41325,-90)
set(63,-38148,40200,0)
set(23,-58595,26300,90)
set(31,-60275,26300,-90)pr
set(24,-38425,56925,0)p
set(63,-38550,57275,90)
set(62,-38148,55905,180)
set(10,-23890,67900,-90)p
set(14,-19340,67900,-90)pt
set(10,-19340,63350,0)
chk(40,-19340,64675,0)
set(10,-19340,57750,0)
set(10,-19340,52150,0)
set(49,-18640,56350,180)
set(49,-18640,53550,180)
set(49,-20040,53550,0)ph
set(49,-20040,56350,0)
set(10,-19340,46550,0)
set(49,-18640,47950,180)ph
set(49,-20040,50750,0)
set(49,-20040,47950,0)
set(49,-18640,50750,180)
set(10,-19340,40950,0)
set(49,-20040,39550,0)
set(49,-18640,36750,180)
set(49,-20040,36750,0)
set(49,-18640,39550,180)
set(49,-18640,42350,180)
set(49,-20040,45150,0)
set(49,-20040,42350,0)
set(49,-18640,45150,180)ph
set(10,-19340,24150,0)
set(49,-20040,22750,0)
set(49,-18640,22750,180)
set(49,-18640,25550,180)
set(49,-20040,25550,0)
set(49,-20040,28350,0)
set(49,-18640,28350,180)
chk(40,-19340,24150,0)
set(23,-19340,16100,180)
set(56,-19340,19152,180)pr
set(10,-19340,13300,0)
set(57,-19340,16351,180)pr
set(23,-23100,12000,90)
set(23,-15575,12000,-90)
set(23,-15575,12000,90)
set(10,-19340,7700,0)
set(51,-15575,12000,0)
set(23,-23100,12000,-90)
set(51,-23100,12000,0)
set(58,-19340,13066,180)pr
set(10,-19340,2100,0)
set(58,-19340,8524,0)pr
set(23,-15575,2325,-90)
set(23,-15575,2325,90)
set(51,-15575,2325,0)
set(23,-23100,2325,90)
set(23,-23100,2325,-90)
set(51,-23100,2300,0)
set(58,-19340,4736,180)pr
set(10,-19340,-3500,0)
set(59,-19340,1639,180)pr
set(59,-19340,-39,0)pr
set(23,-19340,-6300,0)
set(58,-19340,-3136,0)pr
set(57,-19340,-6421,0)pr
set(14,-19340,-13170,90)
set(56,-19340,-9222,0)pr
set(10,-14790,-13170,90)p
set(13,-9160,-11650,-60)p
set(23,-6330,-10130,90)
chk(40,-5340,-10150,90)
set(23,-1750,-10150,-90)p
set(14,0,-10150,180)pt
set(10,0,-5600,0)p
set(15,-36401,13480,-90)
set(24,-33601,13480,-90)
fix(41,-39201,13480,-1760,90)
set(24,-39201,13480,90)
set(55,-37285,13480,90)
set(24,-38525,1496,-90)
set(15,-41325,1496,-90)
set(24,-44125,1496,90)
set(55,-42464,1496,90)
set(44,-5550,63350,0)
set(44,-5550,57750,180)
set(35,-5550,60550,0)
set(16,-5550,52150,180)
set(15,-5550,46550,180)
set(35,-5900,46900,0)
set(15,-5550,40950,180)
set(35,-5300,44025,0)
set(24,-5550,38150,180)
set(35,-5550,40350,0)
set(23,-69184,26300,-90)
set(24,-5550,66150,0)

maxl(19,-86056,-14048)
maxb(19,-16448,-83656)
maxr(19,5143,-14048)
maxt(19,74751,-83656)

